{
  "coords": [
    [51.2116, 41.7553, 7.0331],
    [6.4885, 70.0443, 23.4672],
    [11.1496, 2.5334, 86.317],
    [1.2081, 77.154, 21.6378],
    [29.2141, 32.7293, 38.0566],
    [6.6017, 81.7167, 11.6815],
    [58.8113, 34.8399, 6.3488],
    [33.4308, 29.8991, 36.67],
    [7.7157, 29.3439, 62.9403],
    [54.1565, 37.9502, 7.8933],
    [28.0243, 61.4933, 10.4824],
    [27.9709, 14.7797, 57.2494],
    [43.6801, 41.5502, 14.7697],
    [5.1888, 35.3485, 59.4627],
    [5.668, 87.9651, 6.3669],
    [49.9284, 35.4876, 14.584],
    [95.3716, 4.0632, 0.5652],
    [34.3117, 33.3874, 32.3009],
    [15.6578, 36.4852, 47.8569],
    [45.9142, 24.1903, 29.8955],
    [35.2526, 6.1198, 58.6276],
    [80.0939, 5.6033, 14.3028],
    [15.2784, 45.5377, 39.184],
    [4.0451, 1.2768, 94.6781],
    [46.9862, 9.9919, 43.0219],
    [80.7767, 11.701, 7.5223],
    [92.2087, 5.9004, 1.8909],
    [38.1309, 2.4635, 59.4056],
    [2.6297, 7.3478, 90.0225],
    [11.6392, 66.3318, 22.029],
    [2.4636, 50.7405, 46.796],
    [36.3572, 25.0741, 38.5687],
    [27.2213, 21.7944, 50.9843],
    [9.2896, 53.246, 37.4644],
    [24.6089, 65.4418, 9.9493],
    [46.7719, 7.8323, 45.3958],
    [18.3788, 64.9759, 16.6453],
    [23.2679, 36.3241, 40.4081],
    [39.6709, 24.1565, 36.1726],
    [89.9526, 0.6166, 9.4308],
    [11.6798, 50.7384, 37.5817],
    [24.6561, 9.8803, 65.4636],
    [8.1614, 77.158, 14.6806],
    [36.3917, 56.2423, 7.366],
    [93.1576, 4.6938, 2.1486],
    [4.145, 81.0764, 14.7786],
    [21.4077, 40.6871, 37.9052],
    [30.9697, 8.2221, 60.8082],
    [22.0871, 75.442, 2.4709],
    [0.5617, 17.1659, 82.2724],
    [1.8388, 10.7132, 87.4479],
    [41.2258, 24.8333, 33.9408],
    [44.5371, 44.5153, 10.9477],
    [46.2579, 33.2767, 20.4654],
    [1.2877, 55.3322, 43.3801],
    [26.9348, 44.5139, 28.5513],
    [22.2729, 47.0653, 30.6619],
    [5.1673, 80.1209, 14.7118],
    [20.5823, 25.0242, 54.3935],
    [26.0841, 59.1598, 14.756],
    [13.6175, 27.1731, 59.2094],
    [9.4552, 10.6372, 79.9077],
    [1.7874, 55.6351, 42.5776],
    [12.1958, 58.9202, 28.884],
    [1.0724, 65.9806, 32.9469],
    [53.4686, 0.7915, 45.7399],
    [58.6961, 17.4652, 23.8388],
    [16.1395, 75.0119, 8.8486],
    [24.1477, 48.2952, 27.557],
    [67.3895, 8.383, 24.2275],
    [45.8956, 5.0293, 49.0752],
    [79.4924, 13.4418, 7.0658],
    [9.9357, 28.2806, 61.7837],
    [59.3435, 13.3245, 27.3319],
    [62.6889, 29.7479, 7.5632],
    [12.3056, 6.2853, 81.409],
    [67.5358, 30.6192, 1.845],
    [48.1493, 30.1095, 21.7411],
    [1.3478, 44.2999, 54.3523],
    [26.9561, 64.46, 8.5838],
    [61.5464, 30.5682, 7.8854],
    [87.2973, 1.8941, 10.8087],
    [47.1648, 21.5395, 31.2958],
    [26.5195, 16.2166, 57.2638],
    [2.7583, 65.5957, 31.646],
    [80.4687, 15.8163, 3.715],
    [47.4646, 25.7265, 26.8088],
    [0.7832, 1.8252, 97.3916],
    [34.495, 4.2187, 61.2863],
    [40.6163, 33.7926, 25.5911],
    [51.4399, 42.1909, 6.3691],
    [0.5341, 34.8221, 64.6438],
    [0.6563, 16.4338, 82.9099],
    [17.5483, 53.9912, 28.4605],
    [26.2352, 33.7392, 40.0256],
    [1.5541, 30.7535, 67.6924],
    [61.9688, 13.1369, 24.8943],
    [15.2061, 49.4313, 35.3626],
    [69.1736, 28.5937, 2.2327],
    [14.2245, 29.5694, 56.2061],
    [4.5185, 13.1044, 82.3771],
    [87.6642, 6.377, 5.9588],
    [0.1387, 16.1005, 83.7608],
    [12.2737, 11.0579, 76.6684],
    [70.304, 20.9528, 8.7431],
    [4.0242, 75.1256, 20.8502],
    [10.5801, 22.7788, 66.6411],
    [6.9335, 64.1936, 28.873],
    [27.2299, 9.9075, 62.8627],
    [27.0147, 18.7414, 54.2439],
    [71.8996, 21.5459, 6.5545],
    [18.0424, 54.3836, 27.5741],
    [14.6439, 38.7888, 46.5672],
    [12.0291, 81.4873, 6.4836],
    [70.2186, 0.9328, 28.8486],
    [68.3937, 16.7668, 14.8395],
    [20.3405, 63.0116, 16.6479],
    [4.2724, 6.5838, 89.1438],
    [30.681, 0.5828, 68.7362],
    [33.4265, 5.3603, 61.2132],
    [43.6877, 20.7282, 35.5841],
    [39.4928, 11.1768, 49.3304],
    [27.4969, 51.6778, 20.8253],
    [52.8984, 35.402, 11.6995],
    [14.6698, 77.0606, 8.2696],
    [20.9911, 67.1875, 11.8214],
    [57.7121, 9.7995, 32.4884],
    [1.8305, 79.3395, 18.83],
    [69.0168, 10.7873, 20.1958],
    [14.421, 85.3572, 0.2217],
    [37.7469, 31.0614, 31.1917],
    [91.3168, 4.5892, 4.0939],
    [7.0356, 92.1565, 0.8079],
    [40.8836, 32.6558, 26.4606],
    [49.7034, 2.9618, 47.3348],
    [25.0147, 40.4349, 34.5504],
    [31.0189, 32.9053, 36.0759],
    [26.2344, 39.4643, 34.3013],
    [1.2122, 36.0463, 62.7415],
    [6.5072, 62.8681, 30.6247],
    [12.8524, 79.7719, 7.3757],
    [11.918, 33.7545, 54.3274],
    [9.3603, 88.1643, 2.4754],
    [19.7188, 41.6725, 38.6087],
    [16.2723, 77.7526, 5.9751],
    [4.9504, 48.3817, 46.6679],
    [0.6159, 94.7037, 4.6804],
    [55.1358, 6.205, 38.6592],
    [42.9153, 50.9667, 6.118],
    [22.0142, 37.4817, 40.5041],
    [35.8992, 41.4522, 22.6486],
    [32.42, 54.1454, 13.4346],
    [35.0545, 48.5387, 16.4068],
    [5.2733, 15.2835, 79.4433],
    [43.2343, 26.3329, 30.4328],
    [21.4984, 77.9347, 0.5669],
    [43.5898, 30.5061, 25.9042],
    [3.3841, 84.9765, 11.6394],
    [15.9567, 24.8708, 59.1725],
    [26.4172, 63.2276, 10.3552],
    [19.569, 49.9617, 30.4693],
    [5.4816, 14.2748, 80.2436],
    [53.2327, 13.1033, 33.664],
    [0.0092, 85.3799, 14.6109],
    [12.5344, 30.1379, 57.3277],
    [19.2065, 10.4478, 70.3457],
    [15.0563, 14.613, 70.3307],
    [0.6628, 13.5249, 85.8123],
    [43.6942, 39.1755, 17.1303],
    [48.8054, 19.0178, 32.1767],
    [3.4951, 64.1993, 32.3056],
    [1.1172, 58.6103, 40.2725],
    [54.3677, 29.3467, 16.2856],
    [3.2581, 21.4476, 75.2943],
    [80.2006, 14.1768, 5.6226],
    [65.7237, 30.4792, 3.797],
    [5.0724, 60.643, 34.2846],
    [54.0119, 23.7814, 22.2067],
    [2.2186, 66.9443, 30.8371],
    [22.6752, 74.9167, 2.4081],
    [73.2679, 26.4138, 0.3183],
    [48.9733, 47.1474, 3.8792],
    [7.2461, 54.8373, 37.9166],
    [2.8332, 13.3374, 83.8295],
    [0.3053, 20.577, 79.1178],
    [13.5389, 46.2339, 40.2272],
    [40.7662, 56.3597, 2.8742],
    [50.3031, 14.2388, 35.4581],
    [6.2746, 80.5687, 13.1567],
    [24.2458, 13.1999, 62.5543],
    [65.6827, 17.3056, 17.0116],
    [9.0127, 36.3369, 54.6504],
    [27.6641, 67.5067, 4.8293],
    [65.5734, 8.0016, 26.425],
    [75.1882, 13.1074, 11.7044],
    [14.4306, 43.0219, 42.5475],
    [46.1672, 14.3986, 39.4342],
    [8.4986, 68.6828, 22.8185],
    [65.0209, 29.1682, 5.8109],
    [16.4529, 20.0522, 63.495],
    [20.4546, 51.3056, 28.2398],
    [20.1174, 35.0612, 44.8214],
    [30.5841, 35.8387, 33.5772],
    [24.4852, 49.5053, 26.0095],
    [50.488, 21.0147, 28.4972],
    [43.0129, 54.202, 2.7851],
    [11.1488, 65.0896, 23.7617],
    [5.1368, 36.0479, 58.8153],
    [5.7078, 38.3018, 55.9904],
    [0.4414, 57.126, 42.4326],
    [25.8687, 22.0456, 52.0857],
    [0.2975, 0.4446, 99.2579],
    [19.156, 47.5263, 33.3178],
    [15.6814, 76.7447, 7.5738],
    [54.3271, 18.3513, 27.3215],
    [41.2808, 49.0133, 9.7059],
    [30.0402, 2.8443, 67.1154],
    [11.0338, 63.509, 25.4572],
    [23.138, 75.6659, 1.1961],
    [50.3592, 14.7023, 34.9385],
    [58.4459, 0.4797, 41.0744],
    [39.861, 8.3558, 51.7831],
    [40.7549, 41.3198, 17.9253],
    [48.3002, 20.6005, 31.0994],
    [17.7401, 34.5323, 47.7276],
    [2.9631, 96.4831, 0.5538],
    [15.5988, 24.1562, 60.245],
    [46.2112, 16.9872, 36.8016],
    [8.5996, 28.2697, 63.1308],
    [2.2508, 43.111, 54.6382],
    [23.2008, 27.9893, 48.8099],
    [28.4933, 2.1279, 69.3788],
    [38.4365, 43.7168, 17.8467],
    [19.109, 66.1143, 14.7766],
    [51.4106, 0.9521, 47.6373],
    [20.7755, 71.7291, 7.4955],
    [73.4957, 5.5995, 20.9049],
    [4.838, 21.3257, 73.8363],
    [8.9724, 47.2221, 43.8055],
    [35.167, 45.8572, 18.9758],
    [8.6901, 62.6621, 28.6478],
    [21.6881, 22.3716, 55.9403],
    [84.3553, 13.3301, 2.3145],
    [28.5765, 29.494, 41.9295],
    [13.9279, 31.9853, 54.0868],
    [30.5772, 13.7881, 55.6347],
    [56.2547, 6.8941, 36.8511],
    [36.8815, 50.3294, 12.7891],
    [51.9841, 31.2258, 16.7901],
    [53.2494, 45.1083, 1.6424],
    [10.0635, 24.9487, 64.9878],
    [46.9798, 25.6776, 27.3426],
    [51.8552, 22.6525, 25.4923],
    [83.0039, 6.9077, 10.0884],
    [1.5213, 61.2251, 37.2535],
    [18.8496, 7.8058, 73.3446],
    [9.4156, 85.7854, 4.799],
    [5.1088, 24.5924, 70.2988],
    [87.7956, 3.555, 8.6494],
    [36.5518, 11.0115, 52.4367],
    [1.9337, 85.338, 12.7283],
    [10.7425, 28.395, 60.8626],
    [22.3531, 38.2922, 39.3547],
    [17.8834, 68.7899, 13.3267],
    [16.8914, 25.4318, 57.6768],
    [1.228, 18.0979, 80.6741],
    [5.585, 1.9884, 92.4267],
    [4.3051, 78.7124, 16.9824],
    [9.8687, 59.6524, 30.4789],
    [66.7353, 28.482, 4.7827],
    [15.4122, 49.3738, 35.214],
    [30.198, 48.7928, 21.0093],
    [11.0285, 2.4666, 86.5048],
    [60.0485, 34.689, 5.2625],
    [3.5223, 12.3479, 84.1298],
    [14.9261, 54.7901, 30.2838],
    [47.206, 24.1818, 28.6122],
    [27.5889, 24.5964, 47.8147],
    [19.2951, 21.8283, 58.8767],
    [76.2621, 3.0555, 20.6824],
    [6.3156, 3.0434, 90.641],
    [65.5309, 7.7828, 26.6862],
    [3.5195, 81.6314, 14.8491],
    [42.8509, 34.5498, 22.5994],
    [84.6801, 6.187, 9.1328],
    [20.5539, 34.7968, 44.6493],
    [24.8095, 52.6816, 22.5089],
    [24.7178, 55.0148, 20.2674],
    [8.8247, 9.7151, 81.4602],
    [38.4893, 28.4161, 33.0946],
    [84.107, 12.5928, 3.3002],
    [9.0699, 73.6073, 17.3227],
    [72.9305, 13.0369, 14.0325],
    [67.0295, 30.0809, 2.8896],
    [16.9497, 43.7126, 39.3378],
    [13.4169, 76.1629, 10.4202],
    [76.9544, 1.1926, 21.853],
    [27.949, 45.7821, 26.2689],
    [27.934, 1.1086, 70.9574],
    [66.2034, 19.8069, 13.9897],
    [35.888, 7.8249, 56.2871],
    [69.9336, 1.8563, 28.2101],
    [14.1004, 65.1129, 20.7867],
    [52.2173, 19.1773, 28.6055],
    [22.5333, 55.0434, 22.4233],
    [76.2619, 12.3493, 11.3888],
    [28.2669, 66.2106, 5.5226],
    [24.4214, 72.7837, 2.7948],
    [49.697, 32.6658, 17.6372],
    [37.9752, 44.319, 17.7058],
    [2.5587, 27.3588, 70.0825],
    [36.6174, 27.5467, 35.8359],
    [25.7812, 13.6261, 60.5928],
    [16.9503, 81.5603, 1.4894],
    [30.5317, 23.9732, 45.4951],
    [14.9855, 43.509, 41.5055],
    [34.7765, 26.0305, 39.193],
    [8.173, 47.4, 44.427],
    [5.8233, 69.1797, 24.997],
    [0.1564, 62.2802, 37.5634],
    [4.7635, 89.352, 5.8845],
    [74.4703, 14.0286, 11.5011],
    [18.2334, 42.1256, 39.641],
    [58.3731, 34.7767, 6.8502],
    [22.8103, 47.0885, 30.1012],
    [27.6125, 35.7046, 36.6829],
    [6.6032, 40.3684, 53.0284],
    [0.4206, 41.4938, 58.0856],
    [4.7447, 13.5522, 81.7032],
    [9.5129, 79.3076, 11.1795],
    [17.3814, 53.0869, 29.5317],
    [91.8707, 1.8848, 6.2445],
    [52.4293, 8.692, 38.8788],
    [83.8797, 15.8615, 0.2588],
    [89.8612, 3.1829, 6.9559],
    [61.5845, 30.4552, 7.9603],
    [11.5802, 75.4143, 13.0055],
    [86.688, 9.9603, 3.3517],
    [31.5307, 34.2768, 34.1925],
    [70.4047, 28.5988, 0.9965],
    [51.2359, 43.6618, 5.1023],
    [6.8869, 11.1359, 81.9772],
    [1.0755, 30.2245, 68.6999],
    [76.2444, 3.325, 20.4306],
    [8.8689, 81.6044, 9.5267],
    [26.3521, 11.1123, 62.5356],
    [6.2668, 57.7242, 36.009],
    [13.9478, 85.8257, 0.2265],
    [59.3183, 16.8613, 23.8203],
    [18.7208, 8.094, 73.1852],
    [49.1684, 3.4511, 47.3805],
    [49.3253, 45.3326, 5.3421],
    [59.2263, 27.0431, 13.7306],
    [54.4611, 36.623, 8.9159],
    [11.8818, 33.7924, 54.3257],
    [38.0592, 41.1029, 20.8378],
    [24.7951, 50.9683, 24.2366],
    [37.4526, 22.0008, 40.5466],
    [78.669, 20.6353, 0.6958],
    [68.6015, 11.4777, 19.9209],
    [19.0079, 10.8461, 70.146],
    [25.1313, 51.1024, 23.7663],
    [45.5127, 5.9022, 48.5851],
    [61.0595, 21.7816, 17.1589],
    [7.3017, 46.89, 45.8083],
    [15.2379, 52.2442, 32.518],
    [16.5447, 11.9337, 71.5216],
    [18.3194, 37.955, 43.7256],
    [6.2731, 32.6263, 61.1006],
    [15.4558, 83.4777, 1.0665],
    [27.2447, 19.6126, 53.1426],
    [2.7471, 13.4526, 83.8003],
    [42.2347, 34.479, 23.2864],
    [57.3509, 24.602, 18.0471],
    [72.8037, 1.27, 25.9263],
    [43.6836, 1.7859, 54.5305],
    [77.7571, 15.4885, 6.7544],
    [8.5296, 90.8248, 0.6456],
    [45.6944, 8.4055, 45.9001],
    [11.7872, 47.884, 40.3288],
    [21.8463, 74.4691, 3.6846],
    [47.2784, 17.0222, 35.6994],
    [84.5625, 2.6709, 12.7666],
    [12.6321, 32.1085, 55.2594],
    [51.7984, 28.5659, 19.6357],
    [18.12, 3.6607, 78.2193],
    [5.868, 32.604, 61.5281],
    [30.2011, 50.7376, 19.0613],
    [24.2917, 66.2894, 9.419],
    [6.9995, 13.7993, 79.2012],
    [40.0815, 6.6233, 53.2952],
    [26.4198, 63.925, 9.6552],
    [64.1871, 34.3624, 1.4505],
    [21.8559, 64.1284, 14.0157],
    [11.1174, 4.6392, 84.2434],
    [28.0309, 53.1523, 18.8168],
    [57.3045, 9.0574, 33.6382],
    [53.3721, 42.9095, 3.7184],
    [7.6955, 36.6724, 55.6321],
    [57.012, 20.1386, 22.8494],
    [16.6566, 1.5519, 81.7915],
    [28.3255, 41.2511, 30.4233],
    [38.3314, 23.4473, 38.2213],
    [9.3193, 48.1393, 42.5414],
    [28.8944, 39.7326, 31.373],
    [5.6377, 13.078, 81.2843],
    [29.614, 10.2462, 60.1398],
    [61.2122, 26.178, 12.6098],
    [2.6797, 9.6695, 87.6508],
    [25.8867, 32.4133, 41.6999],
    [4.8432, 22.9207, 72.2361],
    [9.9087, 22.2423, 67.849],
    [7.891, 44.9069, 47.2021],
    [30.2494, 52.3993, 17.3513],
    [43.459, 15.2876, 41.2534],
    [24.6151, 21.8335, 53.5514],
    [9.5594, 2.9265, 87.5142],
    [31.4529, 38.1357, 30.4114],
    [16.132, 56.7412, 27.1268],
    [73.4832, 0.8351, 25.6817],
    [46.2191, 37.2624, 16.5186],
    [13.333, 21.755, 64.9119],
    [72.9548, 7.2217, 19.8235],
    [81.4547, 16.8474, 1.6979],
    [28.1278, 22.135, 49.7372],
    [5.3456, 57.0266, 37.6278],
    [26.0358, 11.3696, 62.5946],
    [17.063, 67.7628, 15.1742],
    [7.6975, 48.2295, 44.073],
    [59.1232, 36.8332, 4.0437],
    [30.0745, 33.5768, 36.3488],
    [29.8031, 38.9671, 31.2298],
    [22.4252, 40.6189, 36.9559],
    [52.9304, 36.4724, 10.5972],
    [61.9135, 27.0263, 11.0602],
    [76.4573, 15.2577, 8.285],
    [12.3718, 83.1743, 4.4539],
    [40.1436, 18.2992, 41.5572],
    [6.1423, 60.9979, 32.8598],
    [28.2254, 40.6034, 31.1713],
    [63.9538, 12.1135, 23.9327],
    [31.5667, 61.8859, 6.5473],
    [11.4432, 14.9228, 73.6341],
    [7.4107, 4.3251, 88.2642],
    [76.7083, 12.5206, 10.7711],
    [41.7281, 35.2836, 22.9884],
    [8.4758, 84.9301, 6.5941],
    [7.4427, 70.4422, 22.1151],
    [30.0285, 14.1932, 55.7783],
    [50.9964, 10.0469, 38.9567],
    [0.8279, 54.5662, 44.6058],
    [58.4719, 6.8251, 34.703],
    [22.7733, 55.6548, 21.5719],
    [42.9948, 54.0919, 2.9133],
    [42.1504, 44.5731, 13.2765],
    [19.8163, 67.7877, 12.396],
    [21.8232, 36.4159, 41.7609],
    [4.069, 93.6977, 2.2333],
    [18.6803, 22.2598, 59.0599],
    [42.8886, 23.8749, 33.2365],
    [24.3188, 62.3822, 13.299],
    [84.1759, 14.7612, 1.0629],
    [11.1573, 76.6415, 12.2012],
    [46.3901, 52.1833, 1.4265],
    [7.4182, 78.9446, 13.6372],
    [67.3377, 13.7159, 18.9464],
    [30.7102, 5.1821, 64.1076],
    [30.9345, 40.916, 28.1496],
    [12.1259, 22.7486, 65.1256],
    [5.5144, 71.2888, 23.1968],
    [8.7512, 34.196, 57.0528],
    [19.027, 28.818, 52.155],
    [52.062, 6.1022, 41.8358],
    [13.352, 73.7389, 12.9091],
    [88.5211, 6.3367, 5.1422],
    [7.552, 53.0017, 39.4463],
    [34.1724, 25.383, 40.4447],
    [69.9171, 15.6894, 14.3935],
    [11.3426, 1.4998, 87.1576],
    [30.5277, 21.5635, 47.9088],
    [43.6873, 24.3978, 31.9149],
    [71.4734, 27.0208, 1.5058],
    [20.9035, 77.3025, 1.794],
    [5.0731, 10.6818, 84.2451],
    [17.8778, 11.1568, 70.9654],
    [46.6824, 10.3479, 42.9697],
    [1.7389, 61.5291, 36.7321],
    [73.0842, 22.6005, 4.3153],
    [4.1755, 29.0595, 66.7649],
    [38.0045, 52.3481, 9.6473],
    [43.5408, 18.6363, 37.8229],
    [61.0772, 19.4971, 19.4258],
    [35.1733, 62.5898, 2.2369],
    [19.6611, 58.4679, 21.871],
    [39.0072, 51.2305, 9.7623],
    [16.1606, 26.0239, 57.8155],
    [2.3191, 97.069, 0.6119],
    [32.5598, 2.0673, 65.3728],
    [14.4982, 79.1583, 6.3435],
    [38.1555, 0.0348, 61.8097],
    [60.1499, 0.7126, 39.1375],
    [3.0178, 69.3111, 27.6711],
    [58.7457, 37.6708, 3.5835],
    [3.4747, 43.0262, 53.4991],
    [40.2811, 17.7011, 42.0178],
    [36.7815, 18.0516, 45.1669],
    [18.7555, 40.0858, 41.1587],
    [54.4598, 30.4847, 15.0554],
    [8.8197, 13.1217, 78.0586],
    [6.2875, 80.0443, 13.6682],
    [66.0834, 20.7108, 13.2058],
    [59.0305, 37.386, 3.5835],
    [10.1933, 62.6919, 27.1148],
    [0.8937, 65.3565, 33.7498],
    [48.2514, 10.9843, 40.7643],
    [23.5978, 71.3017, 5.1006],
    [32.6273, 19.3381, 48.0345],
    [36.6464, 34.2042, 29.1494],
    [25.9811, 40.4868, 33.5321],
    [15.7802, 76.5533, 7.6664],
    [72.3292, 5.5524, 22.1184],
    [74.9426, 17.3653, 7.6921],
    [44.8502, 41.1334, 14.0164],
    [21.6169, 10.6627, 67.7204],
    [7.4081, 87.2865, 5.3054],
    [32.8257, 9.8909, 57.2834],
    [13.9331, 6.5414, 79.5255],
    [37.1386, 55.5958, 7.2656],
    [38.9049, 4.6759, 56.4192],
    [22.1681, 77.4446, 0.3873],
    [4.4466, 88.0867, 7.4666],
    [17.7623, 50.0589, 32.1788],
    [9.0076, 46.4301, 44.5623],
    [9.502, 20.5668, 69.9312],
    [37.5668, 43.6584, 18.7749],
    [17.2056, 81.0043, 1.7901],
    [22.3217, 0.0121, 77.6662],
    [27.5968, 3.2545, 69.1487],
    [22.7526, 52.3431, 24.9043],
    [57.0745, 18.0606, 24.8649],
    [2.021, 4.4301, 93.5488],
    [27.6863, 37.7714, 34.5423],
    [8.0134, 0.6135, 91.373],
    [35.0467, 25.4379, 39.5154],
    [30.021, 69.9492, 0.0298],
    [39.8159, 13.826, 46.3581],
    [24.437, 73.9215, 1.6414],
    [68.6287, 8.452, 22.9193],
    [12.2417, 14.0866, 73.6717],
    [23.1211, 49.5048, 27.3741],
    [11.9132, 3.2877, 84.7991],
    [17.932, 20.8129, 61.2551],
    [14.0366, 51.8829, 34.0804],
    [14.9686, 24.9617, 60.0696],
    [1.1951, 9.7824, 89.0225],
    [44.5285, 45.7196, 9.752],
    [13.0371, 37.5687, 49.3942],
    [7.0762, 28.5306, 64.3932],
    [4.6095, 18.0225, 77.368],
    [45.8273, 42.9127, 11.2601],
    [45.0454, 54.5772, 0.3773],
    [37.6607, 36.0327, 26.3066],
    [12.0318, 7.2506, 80.7175],
    [56.15, 12.7789, 31.0711],
    [3.8914, 80.6191, 15.4894],
    [41.1626, 18.5408, 40.2965],
    [10.5567, 19.2168, 70.2265],
    [9.7504, 47.3142, 42.9355],
    [48.0136, 38.8172, 13.1692],
    [3.5227, 36.0956, 60.3817],
    [70.0244, 11.8681, 18.1075],
    [41.269, 43.1903, 15.5408],
    [56.2434, 12.032, 31.7246],
    [10.1147, 79.3066, 10.5787],
    [37.5384, 46.8201, 15.6415],
    [10.6189, 15.1465, 74.2345],
    [14.7612, 26.2192, 59.0196],
    [85.5084, 1.9087, 12.5828],
    [60.3, 37.0185, 2.6815],
    [12.2757, 35.2279, 52.4964],
    [30.6153, 7.7235, 61.6611],
    [66.706, 29.4739, 3.8201],
    [1.9447, 22.8571, 75.1981],
    [19.979, 55.9563, 24.0648],
    [46.3873, 33.8012, 19.8116],
    [5.9843, 55.4654, 38.5503],
    [39.5817, 48.1849, 12.2335],
    [49.6226, 17.9501, 32.4273],
    [31.8649, 5.3631, 62.772],
    [63.406, 30.1325, 6.4615],
    [57.9972, 32.1915, 9.8113],
    [27.8485, 68.2428, 3.9087],
    [15.3661, 19.5065, 65.1273],
    [54.8151, 19.1879, 25.9969],
    [10.8009, 8.7511, 80.448],
    [60.537, 12.8977, 26.5653],
    [31.9608, 36.768, 31.2712],
    [7.5695, 37.363, 55.0675],
    [71.1162, 17.6536, 11.2302],
    [12.8742, 31.7933, 55.3325],
    [40.2197, 11.0955, 48.6848],
    [3.7298, 14.4423, 81.8279],
    [45.635, 24.7436, 29.6213],
    [10.6556, 76.1111, 13.2333],
    [63.4426, 32.3446, 4.2128],
    [77.949, 5.0793, 16.9716],
    [67.0867, 11.8526, 21.0607],
    [36.7441, 54.7924, 8.4635],
    [40.0715, 41.7932, 18.1353],
    [57.3867, 28.0882, 14.5251],
    [29.3581, 22.878, 47.7639],
    [4.2279, 16.23, 79.5421],
    [55.7913, 36.7811, 7.4276],
    [52.7405, 9.6915, 37.568],
    [4.0434, 52.5041, 43.4525],
    [69.9268, 14.0409, 16.0323],
    [13.1039, 67.1638, 19.7323],
    [41.1504, 28.916, 29.9336],
    [41.8098, 27.7047, 30.4855],
    [80.0573, 5.1743, 14.7684],
    [62.929, 20.9271, 16.1439],
    [31.0725, 31.3504, 37.5771],
    [50.9722, 46.5254, 2.5024],
    [23.2061, 63.1549, 13.639],
    [68.6527, 30.6457, 0.7016],
    [27.8389, 29.4061, 42.755],
    [5.664, 43.7113, 50.6247],
    [14.5036, 69.9777, 15.5186],
    [9.9159, 78.4657, 11.6185],
    [66.5545, 22.0738, 11.3718],
    [48.8701, 28.8235, 22.3064],
    [61.9509, 18.912, 19.1371],
    [65.0667, 25.4413, 9.4921],
    [50.321, 32.0278, 17.6511],
    [2.1716, 63.6355, 34.1929],
    [50.4962, 47.3399, 2.1639],
    [33.9295, 42.6763, 23.3942],
    [10.754, 8.1483, 81.0977],
    [16.9175, 22.8905, 60.192],
    [23.1583, 47.4415, 29.4002],
    [12.3064, 3.8845, 83.8091],
    [38.1497, 44.9745, 16.8759],
    [47.5935, 13.3837, 39.0228],
    [3.9441, 42.3617, 53.6941],
    [0.853, 13.4714, 85.6757],
    [77.9043, 7.1985, 14.8972],
    [0.4127, 90.3757, 9.2116],
    [4.6301, 64.9438, 30.4261],
    [76.8991, 23.0092, 0.0917],
    [22.9482, 70.9684, 6.0834],
    [23.2011, 54.8424, 21.9566],
    [30.9863, 39.6416, 29.3721],
    [41.914, 55.5665, 2.5195],
    [24.6388, 32.1815, 43.1796],
    [11.3204, 38.9558, 49.7239],
    [2.7821, 62.3265, 34.8914],
    [18.6653, 0.5556, 80.7791],
    [8.0355, 85.1065, 6.8581],
    [17.5327, 72.6427, 9.8245],
    [42.1525, 55.2173, 2.6301],
    [17.2903, 3.1499, 79.5598],
    [35.0195, 7.0719, 57.9086],
    [8.5279, 35.6952, 55.777],
    [8.3037, 91.2536, 0.4427],
    [34.8238, 38.5038, 26.6724],
    [5.2476, 28.0846, 66.6678],
    [12.5437, 35.1647, 52.2916],
    [12.7216, 10.4403, 76.8381],
    [14.7874, 85.0616, 0.1511],
    [17.8852, 29.2224, 52.8924],
    [35.2691, 18.8336, 45.8973],
    [75.7904, 4.8235, 19.3861],
    [36.1776, 22.7107, 41.1118],
    [33.6824, 0.5211, 65.7965],
    [88.7367, 2.4204, 8.8429],
    [0.829, 60.2904, 38.8806],
    [40.4652, 49.2996, 10.2352],
    [17.9384, 68.1269, 13.9347],
    [52.0536, 16.3021, 31.6442],
    [11.8919, 85.7172, 2.3909],
    [14.5094, 48.0747, 37.4159],
    [28.9316, 1.7968, 69.2716],
    [47.7523, 42.4036, 9.8441],
    [64.961, 23.3887, 11.6503],
    [1.1198, 55.2957, 43.5845],
    [31.981, 47.8558, 20.1632],
    [4.2867, 80.1156, 15.5978],
    [39.024, 50.6973, 10.2787],
    [3.8853, 66.4229, 29.6918],
    [17.6548, 81.7772, 0.568],
    [37.663, 58.654, 3.683],
    [0.0066, 38.6725, 61.3209],
    [30.9453, 60.406, 8.6487],
    [21.5994, 76.8454, 1.5552],
    [63.8352, 13.574, 22.5908],
    [17.5564, 81.4718, 0.9718],
    [7.2727, 74.734, 17.9933],
    [22.0613, 45.6238, 32.3149],
    [59.7504, 22.6223, 17.6274],
    [33.2203, 32.8173, 33.9624],
    [18.0143, 34.6854, 47.3003],
    [7.1259, 30.2811, 62.593],
    [51.3292, 7.264, 41.4067],
    [50.8507, 0.283, 48.8663],
    [20.9249, 31.6499, 47.4253],
    [16.9684, 41.0157, 42.0159],
    [14.4077, 1.8612, 83.7311],
    [2.2232, 44.4385, 53.3383],
    [15.4391, 24.1747, 60.3862],
    [45.861, 8.8404, 45.2986],
    [17.0108, 48.6217, 34.3674],
    [12.9012, 3.4704, 83.6284],
    [56.2017, 33.2398, 10.5585],
    [2.7364, 29.203, 68.0606],
    [27.5302, 55.7421, 16.7277],
    [3.0276, 14.1508, 82.8216],
    [28.7838, 68.9181, 2.2981],
    [57.1009, 35.4392, 7.4599],
    [22.8872, 51.3352, 25.7776],
    [59.6668, 24.5745, 15.7587],
    [90.5839, 2.1193, 7.2968],
    [5.3345, 37.8258, 56.8397],
    [49.9498, 46.8248, 3.2254],
    [41.1532, 46.653, 12.1938],
    [86.9842, 8.3704, 4.6454],
    [20.7452, 66.7234, 12.5314],
    [76.125, 14.2031, 9.6718],
    [20.9133, 14.5248, 64.5618],
    [36.9693, 55.1979, 7.8329],
    [59.7531, 20.5839, 19.663],
    [17.584, 55.2634, 27.1526],
    [61.0927, 3.4111, 35.4962],
    [59.4979, 20.1921, 20.3099],
    [77.7272, 21.347, 0.9258],
    [58.7833, 14.3787, 26.8381],
    [22.5891, 50.8823, 26.5286],
    [16.8152, 35.4177, 47.7671],
    [1.6933, 85.2284, 13.0784],
    [5.65, 92.7046, 1.6454],
    [39.7412, 23.7017, 36.5571],
    [20.6381, 69.8002, 9.5616],
    [19.6691, 35.1315, 45.1994],
    [68.1239, 27.7477, 4.1284],
    [22.9604, 8.3367, 68.7029],
    [72.4522, 26.545, 1.0028],
    [31.9334, 25.6541, 42.4125],
    [11.8263, 0.7968, 87.3769],
    [24.583, 4.0664, 71.3506],
    [15.3454, 13.4614, 71.1932],
    [79.8007, 0.0054, 20.1939],
    [10.0887, 3.8321, 86.0793],
    [57.7518, 40.7952, 1.453],
    [30.5486, 67.5185, 1.9329],
    [45.7571, 50.2888, 3.954],
    [26.4563, 39.4537, 34.09],
    [39.9819, 52.0742, 7.9439],
    [23.5615, 56.5156, 19.923],
    [33.7707, 18.3189, 47.9104],
    [80.1774, 4.0182, 15.8044],
    [63.2024, 32.4087, 4.389],
    [20.2809, 28.3969, 51.3222],
    [59.7151, 31.903, 8.3819],
    [1.4335, 14.7847, 83.7818],
    [42.5108, 15.0613, 42.428],
    [66.6798, 5.186, 28.1343],
    [28.0524, 44.8612, 27.0864],
    [1.0031, 18.6712, 80.3257],
    [27.0036, 43.7629, 29.2336],
    [49.3682, 44.901, 5.7308],
    [60.9653, 37.287, 1.7477],
    [41.7959, 27.8055, 30.3986],
    [84.1867, 11.7699, 4.0434],
    [36.9799, 1.6963, 61.3238],
    [7.8084, 34.8646, 57.3271],
    [58.8911, 11.5853, 29.5236],
    [16.8563, 18.7809, 64.3628],
    [25.4883, 13.0973, 61.4144],
    [38.7957, 5.9002, 55.3041],
    [88.9027, 11.0078, 0.0895],
    [8.5911, 74.6092, 16.7996],
    [4.4676, 84.4498, 11.0825],
    [14.1613, 65.8588, 19.9799],
    [29.3767, 62.8993, 7.724],
    [25.3428, 23.595, 51.0622],
    [28.2914, 70.3157, 1.393],
    [55.0238, 32.4924, 12.4838],
    [2.1377, 3.4328, 94.4294],
    [36.1319, 39.7099, 24.1583],
    [43.7184, 46.4379, 9.8437],
    [31.7185, 45.1856, 23.0959],
    [37.9831, 34.9476, 27.0693],
    [94.9442, 3.3908, 1.665],
    [58.4309, 6.1206, 35.4485],
    [0.6887, 82.3101, 17.0012],
    [20.5203, 20.4773, 59.0024],
    [18.4852, 8.4876, 73.0272],
    [21.4403, 27.463, 51.0967],
    [11.8043, 79.5212, 8.6745],
    [77.9082, 3.504, 18.5878],
    [10.3654, 19.7162, 69.9184],
    [26.7525, 46.5511, 26.6965],
    [14.2953, 59.8412, 25.8635],
    [25.4311, 23.6902, 50.8787],
    [81.0197, 15.2061, 3.7742],
    [52.24, 4.1544, 43.6055],
    [53.9825, 32.3266, 13.6909],
    [59.7849, 24.2185, 15.9967],
    [46.0094, 46.5281, 7.4625],
    [31.7294, 46.6097, 21.6609],
    [19.599, 34.455, 45.946],
    [6.6015, 24.2488, 69.1498],
    [27.1324, 51.1005, 21.7671],
    [37.2193, 33.4794, 29.3012],
    [9.4054, 81.6065, 8.9881],
    [62.3215, 11.1009, 26.5776],
    [1.3311, 48.827, 49.842],
    [47.5355, 22.5531, 29.9114],
    [20.4395, 36.2441, 43.3164],
    [49.2151, 29.9386, 20.8463],
    [81.8679, 15.0184, 3.1137],
    [41.2127, 37.9924, 20.7948],
    [51.3194, 1.7385, 46.9421],
    [61.2061, 37.2664, 1.5275],
    [16.07, 55.3812, 28.5487],
    [40.9139, 18.4159, 40.6701],
    [37.4193, 1.0894, 61.4914],
    [22.0308, 10.4562, 67.5131],
    [22.9147, 67.0999, 9.9854],
    [68.2422, 16.3158, 15.442],
    [66.8572, 12.272, 20.8708],
    [93.8655, 0.4407, 5.6937],
    [47.5306, 5.4554, 47.014],
    [83.7646, 7.4847, 8.7507],
    [62.947, 34.5408, 2.5122],
    [6.6925, 19.246, 74.0615],
    [40.1994, 1.8832, 57.9174],
    [11.377, 43.1943, 45.4287],
    [58.6293, 31.8031, 9.5676],
    [69.8544, 25.7543, 4.3913],
    [22.4483, 37.0491, 40.5026],
    [39.4182, 50.9799, 9.6018],
    [1.1651, 2.9475, 95.8874],
    [10.5316, 80.2843, 9.1841],
    [10.0822, 51.2827, 38.6351],
    [77.5758, 10.7754, 11.6488],
    [6.5122, 74.9023, 18.5855],
    [9.663, 65.2818, 25.0552],
    [33.3111, 22.494, 44.1949],
    [6.4554, 57.0873, 36.4573],
    [30.1253, 35.0591, 34.8156],
    [11.2289, 0.2146, 88.5565],
    [10.8926, 40.082, 49.0255],
    [25.8435, 42.4615, 31.695],
    [30.149, 65.7452, 4.1058],
    [42.4074, 55.2746, 2.318],
    [48.5657, 14.4932, 36.941],
    [25.229, 29.4506, 45.3204],
    [33.3524, 8.9772, 57.6704],
    [69.6702, 2.7552, 27.5746],
    [43.5344, 35.2113, 21.2542],
    [27.2223, 39.2199, 33.5579],
    [37.4516, 1.4102, 61.1382],
    [43.2424, 9.1424, 47.6153],
    [9.5362, 48.5393, 41.9245],
    [34.6821, 62.4996, 2.8183],
    [35.4427, 27.2684, 37.289],
    [8.6875, 19.1398, 72.1727],
    [78.7366, 18.5244, 2.739],
    [22.0773, 39.9944, 37.9283],
    [1.9612, 14.7381, 83.3007],
    [6.2657, 24.5362, 69.198],
    [16.593, 75.9317, 7.4753],
    [37.0149, 16.2888, 46.6963],
    [2.3632, 49.6451, 47.9917],
    [24.882, 62.4504, 12.6676],
    [35.6765, 20.9914, 43.3321],
    [25.4354, 72.2066, 2.358],
    [1.2394, 95.217, 3.5436],
    [76.2424, 0.5422, 23.2153],
    [23.3446, 19.4729, 57.1825],
    [58.0088, 17.6458, 24.3454],
    [7.4106, 49.7057, 42.8837],
    [28.7124, 54.4011, 16.8865],
    [11.5418, 49.5332, 38.9251],
    [43.7697, 50.9325, 5.2978],
    [79.9494, 18.2795, 1.7711],
    [72.4752, 23.3369, 4.1879],
    [71.4834, 9.7454, 18.7712],
    [10.4093, 67.293, 22.2977],
    [15.5794, 10.38, 74.0406],
    [13.9675, 59.8398, 26.1927],
    [22.4691, 68.6952, 8.8358],
    [52.881, 44.4992, 2.6198],
    [34.4047, 39.9405, 25.6548],
    [28.1165, 33.938, 37.9455],
    [14.0472, 58.4956, 27.4573],
    [9.1103, 59.8092, 31.0804],
    [86.5748, 7.9849, 5.4403],
    [42.4926, 13.1799, 44.3275],
    [59.5009, 31.1256, 9.3735],
    [10.7434, 28.2328, 61.0238],
    [22.6598, 64.1577, 13.1824],
    [35.5911, 23.0499, 41.359],
    [6.1046, 83.4378, 10.4576],
    [73.6183, 16.9132, 9.4685],
    [13.9469, 35.1486, 50.9044],
    [23.0811, 31.3299, 45.5891],
    [2.5126, 56.4275, 41.0599],
    [39.9078, 6.7712, 53.321],
    [79.1403, 3.4963, 17.3635],
    [15.5408, 66.7618, 17.6974],
    [1.3149, 22.3315, 76.3536],
    [33.961, 65.3821, 0.6569],
    [26.0778, 19.7612, 54.161],
    [44.694, 19.5229, 35.7831],
    [61.8874, 6.5336, 31.579],
    [1.4632, 72.468, 26.0689],
    [7.7833, 1.3185, 90.8982],
    [12.9575, 69.9596, 17.0829],
    [12.931, 66.3211, 20.7479],
    [24.4364, 32.0619, 43.5017],
    [6.2061, 92.3148, 1.4792],
    [87.0644, 11.889, 1.0465],
    [15.5822, 13.7833, 70.6345],
    [21.0748, 76.5154, 2.4098],
    [5.7638, 58.0178, 36.2184],
    [2.3004, 18.379, 79.3206],
    [6.2688, 40.0733, 53.6579],
    [26.0665, 25.4906, 48.4429],
    [81.8374, 0.9796, 17.183],
    [71.3859, 23.1651, 5.4491],
    [21.4223, 46.5194, 32.0582],
    [37.3331, 50.551, 12.1159],
    [60.237, 39.0708, 0.6922],
    [63.1718, 27.1497, 9.6785],
    [2.3555, 9.1298, 88.5147],
    [11.7196, 85.629, 2.6514],
    [62.8969, 4.5287, 32.5744],
    [19.8326, 70.5411, 9.6263],
    [48.113, 11.6948, 40.1921],
    [26.6951, 33.7002, 39.6047],
    [5.1177, 13.8549, 81.0273],
    [24.1729, 40.4819, 35.3452],
    [38.5823, 36.9122, 24.5056],
    [27.3444, 9.3263, 63.3293],
    [30.9131, 66.1961, 2.8908],
    [34.4623, 3.3198, 62.2178],
    [52.043, 27.3289, 20.6281],
    [26.1437, 40.4008, 33.4555],
    [32.5681, 58.3817, 9.0502],
    [10.2745, 73.0201, 16.7054],
    [20.8132, 77.2822, 1.9046],
    [27.5573, 4.4922, 67.9505],
    [27.1229, 49.5794, 23.2977],
    [31.6848, 59.8047, 8.5105],
    [20.4092, 48.9811, 30.6097],
    [18.9794, 60.3744, 20.6462],
    [4.8078, 0.2268, 94.9654],
    [34.2269, 61.583, 4.1901],
    [28.286, 55.6773, 16.0368],
    [8.936, 24.9851, 66.0789],
    [36.491, 20.0433, 43.4658],
    [9.39, 20.5949, 70.015],
    [12.1279, 55.163, 32.7091],
    [55.5056, 26.1726, 18.3218],
    [24.0531, 36.5797, 39.3672],
    [36.1898, 48.3721, 15.4381],
    [12.5433, 45.6582, 41.7985],
    [60.4597, 39.3664, 0.174],
    [58.941, 34.3081, 6.7509],
    [77.5747, 3.8346, 18.5907],
    [5.6297, 42.6295, 51.7407],
    [4.1438, 3.7382, 92.1179],
    [0.3737, 35.1771, 64.4492],
    [39.7301, 36.981, 23.2889],
    [9.0503, 79.3773, 11.5724],
    [78.8276, 13.0018, 8.1706],
    [44.3131, 47.7965, 7.8904],
    [20.9946, 24.576, 54.4294],
    [5.7988, 25.2376, 68.9635],
    [24.1524, 66.2357, 9.612],
    [6.4563, 43.2292, 50.3144],
    [65.6016, 21.6557, 12.7428],
    [5.345, 89.8286, 4.8264],
    [29.9734, 43.7669, 26.2596],
    [10.1151, 27.4186, 62.4663],
    [71.7321, 25.0642, 3.2036],
    [2.0988, 91.3489, 6.5523],
    [36.623, 42.8012, 20.5759],
    [63.849, 32.9605, 3.1905],
    [46.0545, 15.5287, 38.4168],
    [45.7999, 39.2155, 14.9846],
    [7.8752, 59.0226, 33.1022],
    [46.1276, 3.2084, 50.664],
    [11.322, 59.0256, 29.6524],
    [44.4314, 15.8879, 39.6808],
    [26.8977, 22.5518, 50.5505],
    [34.5031, 61.5792, 3.9178],
    [9.8818, 38.9107, 51.2075],
    [48.9793, 30.2603, 20.7604],
    [31.7024, 7.8418, 60.4557],
    [13.0853, 31.3092, 55.6055],
    [75.8409, 18.802, 5.3571],
    [1.6093, 91.8211, 6.5696],
    [24.115, 46.8144, 29.0706],
    [65.5205, 15.5221, 18.9574],
    [53.7837, 43.8485, 2.3678],
    [23.1351, 76.7755, 0.0894],
    [66.9226, 18.5873, 14.4901],
    [38.667, 52.062, 9.271],
    [58.5046, 31.4325, 10.0628],
    [36.2934, 37.1019, 26.6047],
    [20.7682, 43.9031, 35.3287],
    [12.4303, 65.7923, 21.7774],
    [46.7189, 27.5895, 25.6916],
    [94.0667, 5.1912, 0.7421],
    [11.2133, 36.1478, 52.6389],
    [24.7009, 18.6469, 56.6522],
    [15.0996, 35.6104, 49.2899],
    [59.9383, 27.9021, 12.1596],
    [31.8726, 9.9316, 58.1958],
    [6.9894, 11.6222, 81.3884],
    [34.4023, 41.2466, 24.351],
    [5.923, 93.4674, 0.6097],
    [44.4601, 39.081, 16.4589],
    [47.657, 28.7867, 23.5562],
    [40.2327, 23.013, 36.7544],
    [71.1905, 10.2411, 18.5684],
    [2.3591, 53.1617, 44.4792],
    [59.1238, 17.7794, 23.0969],
    [0.0995, 45.6294, 54.2711],
    [66.8273, 24.6105, 8.5622],
    [1.2833, 4.9784, 93.7383],
    [68.9726, 3.2334, 27.794],
    [28.9143, 10.4494, 60.6362],
    [43.0104, 8.2093, 48.7803],
    [25.0725, 33.3793, 41.5482],
    [82.9725, 12.9321, 4.0954],
    [61.3868, 29.7568, 8.8564],
    [17.0233, 26.5587, 56.418],
    [30.2677, 37.6236, 32.1087],
    [90.4908, 3.0366, 6.4726],
    [23.0153, 10.9562, 66.0285],
    [58.4669, 25.9839, 15.5493],
    [10.3872, 45.5597, 44.0531],
    [46.1134, 51.121, 2.7657],
    [4.2636, 24.593, 71.1434],
    [77.5474, 5.3497, 17.1028],
    [20.9399, 22.8459, 56.2141],
    [39.1713, 16.1292, 44.6995],
    [33.5327, 13.6155, 52.8518],
    [64.8779, 26.2339, 8.8881],
    [88.2222, 2.2857, 9.492],
    [47.5516, 33.9989, 18.4495],
    [10.0065, 65.7251, 24.2684],
    [35.2868, 48.6173, 16.0959],
    [83.6855, 8.8209, 7.4936],
    [5.0248, 79.4607, 15.5145],
    [35.8383, 48.7099, 15.4518],
    [15.5001, 77.1321, 7.3678],
    [2.4689, 68.8602, 28.6709],
    [78.9933, 13.7586, 7.2482],
    [74.0239, 2.742, 23.2342],
    [45.6415, 18.3587, 35.9998],
    [28.826, 5.8332, 65.3408],
    [17.2975, 26.6532, 56.0493],
    [55.9282, 38.2209, 5.8509],
    [19.6461, 36.996, 43.3579],
    [2.6397, 48.7241, 48.6362],
    [36.6447, 6.5938, 56.7615],
    [53.1848, 10.8327, 35.9824],
    [5.2267, 62.2786, 32.4947],
    [10.6527, 9.6489, 79.6984],
    [27.235, 51.1599, 21.6051],
    [95.7583, 1.4136, 2.8281],
    [19.415, 63.68, 16.905],
    [9.9086, 15.9935, 74.0979],
    [4.1393, 53.6856, 42.1751],
    [5.2314, 53.4847, 41.2838],
    [11.9931, 49.9147, 38.0922],
    [56.3259, 25.0354, 18.6388],
    [34.129, 22.5588, 43.3122],
    [51.1319, 7.0555, 41.8126],
    [3.1343, 34.3721, 62.4935],
    [0.5499, 68.4567, 30.9935],
    [50.0459, 23.1841, 26.77],
    [22.4319, 15.1069, 62.4611],
    [53.1011, 24.9126, 21.9863],
    [53.3715, 13.8048, 32.8237],
    [47.792, 11.0422, 41.1657],
    [52.1498, 45.7283, 2.1219],
    [63.1304, 25.3549, 11.5146],
    [42.8706, 43.4235, 13.706],
    [74.9593, 6.5116, 18.529],
    [21.5768, 69.6, 8.8232],
    [3.6769, 29.2154, 67.1077],
    [59.2761, 3.1088, 37.6151],
    [8.5163, 15.6957, 75.788],
    [0.6518, 25.8013, 73.547],
    [27.7604, 52.8949, 19.3447],
    [1.2149, 3.4398, 95.3452],
    [43.5723, 4.8043, 51.6234],
    [10.9065, 39.4272, 49.6663],
    [17.1956, 11.8109, 70.9935],
    [92.5336, 4.564, 2.9024],
    [42.8261, 9.3556, 47.8184],
    [17.9552, 22.0621, 59.9827],
    [69.857, 21.9062, 8.2368],
    [17.6764, 10.0448, 72.2788],
    [56.1723, 20.6683, 23.1594],
    [28.052, 39.3851, 32.5629],
    [4.7917, 93.3261, 1.8822],
    [32.6857, 37.214, 30.1003],
    [42.6925, 54.1355, 3.172],
    [23.7735, 70.5945, 5.632],
    [64.528, 19.0458, 16.4262],
    [25.3409, 25.9983, 48.6608],
    [6.7559, 66.9238, 26.3204],
    [3.8306, 45.8404, 50.329],
    [65.3417, 26.5761, 8.0822],
    [31.6803, 47.1161, 21.2037],
    [48.5835, 16.9655, 34.451],
    [42.3618, 55.6162, 2.0221],
    [34.8484, 44.8986, 20.253],
    [21.1682, 28.4977, 50.3341],
    [54.3051, 34.3503, 11.3445],
    [46.9959, 47.6652, 5.3389],
    [60.0983, 17.0329, 22.8688],
    [2.4988, 54.4724, 43.0288],
    [26.6317, 39.1576, 34.2107],
    [36.4403, 47.1496, 16.4102],
    [34.0599, 7.0546, 58.8855],
    [34.5832, 29.1182, 36.2986],
    [61.4131, 0.2315, 38.3554],
    [13.6334, 43.531, 42.8356],
    [54.8311, 34.8089, 10.3601],
    [60.2752, 18.376, 21.3488],
    [62.4011, 28.397, 9.2019],
    [29.1205, 38.4757, 32.4038],
    [75.6386, 0.4541, 23.9074],
    [55.0611, 19.5122, 25.4267],
    [0.5048, 85.0807, 14.4145],
    [29.8754, 42.2346, 27.89],
    [7.8313, 58.1609, 34.0078],
    [50.6868, 48.7439, 0.5693],
    [6.6073, 14.8295, 78.5632],
    [15.4378, 44.9393, 39.6229],
    [37.5372, 51.0019, 11.4608],
    [9.4285, 49.3946, 41.1768],
    [2.2517, 40.8914, 56.8569],
    [69.6787, 9.936, 20.3853],
    [4.677, 91.5146, 3.8084],
    [40.6265, 49.5769, 9.7967],
    [8.0692, 46.3124, 45.6184],
    [16.6186, 32.2121, 51.1694],
    [30.5246, 25.4231, 44.0523],
    [18.361, 41.1189, 40.5201],
    [12.5912, 75.3875, 12.0213],
    [19.8398, 70.3798, 9.7804],
    [55.9173, 39.8523, 4.2304],
    [28.3921, 61.519, 10.089],
    [19.2917, 32.9074, 47.801],
    [45.9415, 50.3517, 3.7068],
    [3.7505, 44.2728, 51.9768],
    [17.108, 77.417, 5.475],
    [37.1838, 23.3692, 39.4471],
    [30.9884, 13.6754, 55.3362],
    [19.627, 11.096, 69.277],
    [3.7006, 11.1168, 85.1826],
    [18.8489, 56.0209, 25.1302],
    [2.4767, 23.1051, 74.4182],
    [24.1106, 17.9731, 57.9163],
    [38.4697, 46.0418, 15.4885],
    [72.1353, 27.0553, 0.8094],
    [28.972, 4.5018, 66.5262],
    [51.5391, 17.6175, 30.8434],
    [58.8083, 0.5106, 40.6811],
    [43.0203, 46.8862, 10.0935],
    [19.5584, 75.468, 4.9736],
    [21.0416, 45.7036, 33.2549],
    [46.3506, 12.2837, 41.3657],
    [51.4563, 44.7357, 3.808],
    [36.659, 59.7247, 3.6163],
    [60.8001, 9.9192, 29.2807],
    [58.5401, 31.6176, 9.8422],
    [28.2264, 0.142, 71.6316],
    [89.1097, 0.552, 10.3383],
    [14.0546, 70.3513, 15.594],
    [51.0369, 25.0684, 23.8947],
    [46.8745, 6.1922, 46.9333],
    [0.127, 68.8959, 30.9771],
    [77.5195, 7.4698, 15.0107],
    [35.6603, 35.818, 28.5216],
    [38.7407, 34.6569, 26.6024],
    [41.6607, 48.7652, 9.5741],
    [46.0024, 6.7178, 47.2798],
    [4.1824, 39.657, 56.1606],
    [15.8806, 24.9329, 59.1865],
    [27.1203, 69.5693, 3.3104],
    [3.3406, 17.7422, 78.9172],
    [21.6584, 55.3189, 23.0227],
    [20.0855, 0.1164, 79.7981],
    [66.5737, 13.9245, 19.5018],
    [13.3344, 73.8649, 12.8007],
    [31.4254, 47.4738, 21.1008],
    [33.2747, 41.7064, 25.0188],
    [11.4303, 45.971, 42.5987],
    [39.2158, 41.3616, 19.4226],
    [17.446, 9.1331, 73.4209],
    [11.155, 77.1916, 11.6534],
    [67.9988, 11.176, 20.8253],
    [33.0627, 56.5642, 10.3731],
    [14.8513, 65.1096, 20.0391],
    [29.2837, 26.4312, 44.2851],
    [80.2684, 14.5567, 5.1749],
    [27.938, 50.4081, 21.6539],
    [25.0578, 5.1297, 69.8125],
    [20.7596, 72.0639, 7.1766],
    [47.628, 2.3498, 50.0222],
    [15.9658, 79.0981, 4.9361],
    [16.2116, 30.1538, 53.6346],
    [29.0226, 5.5042, 65.4733],
    [69.7587, 2.0382, 28.203],
    [40.0916, 0.9453, 58.9631],
    [31.6462, 35.782, 32.5718],
    [13.1738, 77.6536, 9.1726],
    [64.5614, 6.3219, 29.1167],
    [5.2755, 72.007, 22.7175],
    [39.95, 54.5, 5.55],
    [20.4207, 70.5038, 9.0755],
    [34.1744, 0.8361, 64.9895],
    [23.358, 41.2349, 35.4071],
    [28.7913, 63.159, 8.0497],
    [21.3593, 15.2132, 63.4275],
    [7.5721, 4.31, 88.1179],
    [13.2881, 56.2172, 30.4947],
    [38.1112, 57.9858, 3.9031],
    [3.0729, 47.9297, 48.9974],
    [34.3883, 2.7788, 62.8329],
    [30.6988, 12.2857, 57.0155],
    [13.6654, 13.2389, 73.0957],
    [1.2934, 73.9614, 24.7452],
    [21.0588, 5.3322, 73.6091],
    [37.1701, 53.2021, 9.6278],
    [66.986, 28.6479, 4.3661],
    [47.2152, 46.1477, 6.6371],
